RJHI	00101453  	SA8780000117608016451189	SAR	20260923	0000000008118,01	20260923	2026092317161301	P000  	01-4649287        
0000000000451,00	SA3080000117608016451148          	September                                                                                                                                   	RJHI                                                                                                                                        	سبتمبر                                                                                                                                	      	0000000451,00	0000000000,00	0000000000,00	0000000000,00	2276694771	2609235356909219	Success 	20260923
0000000000451,00	SA7580000117608016451114          	September                                                                                                                                   	RJHI                                                                                                                                        	سبتمبر                                                                                                                                	      	0000000451,00	0000000000,00	0000000000,00	0000000000,00	2517472821	2609235356909220	Success 	20260923
0000000000451,00	SA1380000117608016451163          	September                                                                                                                                   	RJHI                                                                                                                                        	سبتمبر                                                                                                                                	      	0000000451,00	0000000000,00	0000000000,00	0000000000,00	2592074377	2609235356909222	Success 	20260923
0000000000451,00	SA7080000210608019589742          	September                                                                                                                                   	RJHI                                                                                                                                        	سبتمبر                                                                                                                                	      	0000000451,00	0000000000,00	0000000000,00	0000000000,00	1052554803	2609235356909226	Success 	20260923
0000000000451,00	SA1580000210608016612638          	September                                                                                                                                   	RJHI                                                                                                                                        	سبتمبر                                                                                                                                	      	0000000451,00	0000000000,00	0000000000,00	0000000000,00	2075947156	2609235356909231	Success 	20260923
0000000000451,00	SA9080000210608016612646          	September                                                                                                                                   	RJHI                                                                                                                                        	سبتمبر                                                                                                                                	      	0000000451,00	0000000000,00	0000000000,00	0000000000,00	1076772282	2609235356909234	Success 	20260923
0000000000451,00	SA7280000210608016612679          	September                                                                                                                                   	RJHI                                                                                                                                        	سبتمبر                                                                                                                                	      	0000000451,00	0000000000,00	0000000000,00	0000000000,00	1086608591	2609235356909233	Success 	20260923
0000000000451,00	SA3180000117608016451130          	September                                                                                                                                   	RJHI                                                                                                                                        	سبتمبر                                                                                                                                	      	0000000451,00	0000000000,00	0000000000,00	0000000000,00	1078687744	2609235356909223	Success 	20260923
0000000000451,00	SA5380000117608016451122          	September                                                                                                                                   	RJHI                                                                                                                                        	سبتمبر                                                                                                                                	      	0000000451,00	0000000000,00	0000000000,00	0000000000,00	2530722863	2609235356909224	Success 	20260923
0000000000451,00	SA8880000117608016451171          	September                                                                                                                                   	RJHI                                                                                                                                        	سبتمبر                                                                                                                                	      	0000000451,00	0000000000,00	0000000000,00	0000000000,00	2499085435	2609235356909225	Success 	20260923
0000000000451,00	SA3880000210608016612612          	September                                                                                                                                   	RJHI                                                                                                                                        	سبتمبر                                                                                                                                	      	0000000451,00	0000000000,00	0000000000,00	0000000000,00	2513464491	2609235356909235	Success 	20260923
0000000000451,00	SA1680000210608016612620          	September                                                                                                                                   	RJHI                                                                                                                                        	سبتمبر                                                                                                                                	      	0000000451,00	0000000000,00	0000000000,00	0000000000,00	3577226800	2609235356909228	Success 	20260923
0000000000451,00	SA7380000210608016612661          	September                                                                                                                                   	RJHI                                                                                                                                        	سبتمبر                                                                                                                                	      	0000000451,00	0000000000,00	0000000000,00	0000000000,00	2479291458	2609235356909230	Success 	20260923
0000000000451,00	SA9580000210608016612653          	September                                                                                                                                   	RJHI                                                                                                                                        	سبتمبر                                                                                                                                	      	0000000451,00	0000000000,00	0000000000,00	0000000000,00	1132904812	2609235356909227	Success 	20260923
0000000000451,00	SA6080000210608016612604          	September                                                                                                                                   	RJHI                                                                                                                                        	سبتمبر                                                                                                                                	      	0000000451,00	0000000000,00	0000000000,00	0000000000,00	2200131528	2609235356909232	Success 	20260923
0000000000451,00	SA2280000117608016451098          	September                                                                                                                                   	RJHI                                                                                                                                        	سبتمبر                                                                                                                                	      	0000000451,00	0000000000,00	0000000000,00	0000000000,00	2592073569	2609235356909221	Success 	20260923
0000000000451,00	SA8280000210608016612596          	September                                                                                                                                   	RJHI                                                                                                                                        	سبتمبر                                                                                                                                	      	0000000451,00	0000000000,00	0000000000,00	0000000000,00	2442106916	2609235356909229	Success 	20260923
0000000000451,01	SA9780000117608016451106          	September                                                                                                                                   	RJHI                                                                                                                                        	سبتمبر                                                                                                                                	      	0000000451,01	0000000000,00	0000000000,00	0000000000,00	2249668217	2609235356909218	Success 	20260923
-
rNaDKtqseu6USj5QlsH3hjS3yJunZQjbONJPxJ9clz4f+VQfyX11GJo8YwRabIMs6FVzO4c8wfuXpMm0EZ0kFOybwgi4gpn69iRMenOkvwYajxoHzSunzgjA/Yxo7qbV2KkxCz5T2sIjIBAlvmegcRW/wkjhvUXC3f6KJwXCLie8fQDjcWkMJpMj48b0iA2Ak4/m1tr44BEGHmH2kJjrqfFfSHZS+nvqm21eTgGC7sutnz7aye3a8t9+IN6g7P7k4GZQGaQ0B0JQGjAJIOXMrF96NF2ZNmjEMKaEbJCCvtUj/okVqH+IA4y+hMIeutQqQklFLF/AvBvtCKvzf9dx9g==