RJHI	00101453  	SA8780000117608016451189	SAR	20260924	0000000007434,01	20260924	2026092403102401	P000  	01-354148         
0000000000413,00	SA7380000210608016612661          	September                                                                                                                                   	RJHI                                                                                                                                        	سبتمبر                                                                                                                                	      	0000000413,00	0000000000,00	0000000000,00	0000000000,00	2635357391	2609245357517429	Success 	20260924
0000000000413,00	SA3180000117608016451130          	September                                                                                                                                   	RJHI                                                                                                                                        	سبتمبر                                                                                                                                	      	0000000413,00	0000000000,00	0000000000,00	0000000000,00	2586308146	2609245357517422	Success 	20260924
0000000000413,00	SA3080000117608016451148          	September                                                                                                                                   	RJHI                                                                                                                                        	سبتمبر                                                                                                                                	      	0000000413,00	0000000000,00	0000000000,00	0000000000,00	2569803014	2609245357517418	Success 	20260924
0000000000413,00	SA8880000117608016451171          	September                                                                                                                                   	RJHI                                                                                                                                        	سبتمبر                                                                                                                                	      	0000000413,00	0000000000,00	0000000000,00	0000000000,00	2636162816	2609245357517424	Success 	20260924
0000000000413,00	SA7280000210608016612679          	September                                                                                                                                   	RJHI                                                                                                                                        	سبتمبر                                                                                                                                	      	0000000413,00	0000000000,00	0000000000,00	0000000000,00	2553180395	2609245357517432	Success 	20260924
0000000000413,00	SA9080000210608016612646          	September                                                                                                                                   	RJHI                                                                                                                                        	سبتمبر                                                                                                                                	      	0000000413,00	0000000000,00	0000000000,00	0000000000,00	2553180437	2609245357517433	Success 	20260924
0000000000413,01	SA9780000117608016451106          	September                                                                                                                                   	RJHI                                                                                                                                        	سبتمبر                                                                                                                                	      	0000000413,01	0000000000,00	0000000000,00	0000000000,00	2616116907	2609245357517417	Success 	20260924
0000000000413,00	SA1680000210608016612620          	September                                                                                                                                   	RJHI                                                                                                                                        	سبتمبر                                                                                                                                	      	0000000413,00	0000000000,00	0000000000,00	0000000000,00	2591077165	2609245357517427	Success 	20260924
0000000000413,00	SA6080000210608016612604          	September                                                                                                                                   	RJHI                                                                                                                                        	سبتمبر                                                                                                                                	      	0000000413,00	0000000000,00	0000000000,00	0000000000,00	2384616245	2609245357517431	Success 	20260924
0000000000413,00	SA7580000117608016451114          	September                                                                                                                                   	RJHI                                                                                                                                        	سبتمبر                                                                                                                                	      	0000000413,00	0000000000,00	0000000000,00	0000000000,00	1094928858	2609245357517419	Success 	20260924
0000000000413,00	SA7080000210608019589742          	September                                                                                                                                   	RJHI                                                                                                                                        	سبتمبر                                                                                                                                	      	0000000413,00	0000000000,00	0000000000,00	0000000000,00	3619640216	2609245357517425	Success 	20260924
0000000000413,00	SA9580000210608016612653          	September                                                                                                                                   	RJHI                                                                                                                                        	سبتمبر                                                                                                                                	      	0000000413,00	0000000000,00	0000000000,00	0000000000,00	3619640224	2609245357517426	Success 	20260924
0000000000413,00	SA3880000210608016612612          	September                                                                                                                                   	RJHI                                                                                                                                        	سبتمبر                                                                                                                                	      	0000000413,00	0000000000,00	0000000000,00	0000000000,00	2617025263	2609245357517434	Success 	20260924
0000000000413,00	SA5380000117608016451122          	September                                                                                                                                   	RJHI                                                                                                                                        	سبتمبر                                                                                                                                	      	0000000413,00	0000000000,00	0000000000,00	0000000000,00	2636162188	2609245357517423	Success 	20260924
0000000000413,00	SA2280000117608016451098          	September                                                                                                                                   	RJHI                                                                                                                                        	سبتمبر                                                                                                                                	      	0000000413,00	0000000000,00	0000000000,00	0000000000,00	2199624020	2609245357517420	Success 	20260924
0000000000413,00	SA1380000117608016451163          	September                                                                                                                                   	RJHI                                                                                                                                        	سبتمبر                                                                                                                                	      	0000000413,00	0000000000,00	0000000000,00	0000000000,00	2351180563	2609245357517421	Success 	20260924
0000000000413,00	SA1580000210608016612638          	September                                                                                                                                   	RJHI                                                                                                                                        	سبتمبر                                                                                                                                	      	0000000413,00	0000000000,00	0000000000,00	0000000000,00	2560440436	2609245357517430	Success 	20260924
0000000000413,00	SA8280000210608016612596          	September                                                                                                                                   	RJHI                                                                                                                                        	سبتمبر                                                                                                                                	      	0000000413,00	0000000000,00	0000000000,00	0000000000,00	2617462300	2609245357517428	Success 	20260924
-
JQ+DRjTrNppIx3BhXiHFJJ7skzXg4U3zSMu54AXlKZYo56xL560qNjzAV3d6VybF+lEcnVGZNN6qzvmj1A95YMWwSv3SG+29yK4fhHUXR9aP5Namg+3ZJpFfOOLq9o8iCncWjIQaU2ANr+zwiq9RmfTXIX2lrDUzmx+QMxwZmq1uKxlod6eCl/mYzTFgNJnLiUJwHmAoxn2i+xFxe2wzx/k2SWLjTPkpTYbjB99joy//B6ssN5rWgByFg47JWeG5tk33PoI3uYxVztLr2f8wA2atNYFcZE+181o6iGZV4WMLujUFRCkj+xqa0JII9oCcI2c9lwmqUCtGkuA05HC9Rw==