RJHI	00101453  	SA8780000117608016451189	SAR	20260923	0000000007794,01	20260923	2026092304143101	P000  	01-4371652        
0000000000433,00	SA1380000117608016451163          	September                                                                                                                                   	RJHI                                                                                                                                        	سبتمبر                                                                                                                                	      	0000000433,00	0000000000,00	0000000000,00	0000000000,00	2612316592	2609235356801404	Success 	20260923
0000000000433,00	SA7180000475608016773174          	September                                                                                                                                   	RJHI                                                                                                                                        	سبتمبر                                                                                                                                	      	0000000433,00	0000000000,00	0000000000,00	0000000000,00	2578338655	2609235356801393	Success 	20260923
0000000000433,00	SA9780000117608016451106          	September                                                                                                                                   	RJHI                                                                                                                                        	سبتمبر                                                                                                                                	      	0000000433,00	0000000000,00	0000000000,00	0000000000,00	1076772282	2609235356801400	Success 	20260923
0000000000433,00	SA5380000117608016451122          	September                                                                                                                                   	RJHI                                                                                                                                        	سبتمبر                                                                                                                                	      	0000000433,00	0000000000,00	0000000000,00	0000000000,00	2581039308	2609235356801406	Success 	20260923
0000000000433,00	SA9280000475608016746121          	September                                                                                                                                   	RJHI                                                                                                                                        	سبتمبر                                                                                                                                	      	0000000433,00	0000000000,00	0000000000,00	0000000000,00	2195466269	2609235356801396	Success 	20260923
0000000000433,00	SA2780000475608016773190          	September                                                                                                                                   	RJHI                                                                                                                                        	سبتمبر                                                                                                                                	      	0000000433,00	0000000000,00	0000000000,00	0000000000,00	2524839608	2609235356801398	Success 	20260923
0000000000433,00	SA7580000117608016451114          	September                                                                                                                                   	RJHI                                                                                                                                        	سبتمبر                                                                                                                                	      	0000000433,00	0000000000,00	0000000000,00	0000000000,00	2606628911	2609235356801402	Success 	20260923
0000000000433,00	SA9380000475608016773166          	September                                                                                                                                   	RJHI                                                                                                                                        	سبتمبر                                                                                                                                	      	0000000433,00	0000000000,00	0000000000,00	0000000000,00	2578338481	2609235356801392	Success 	20260923
0000000000433,00	SA3180000117608016451130          	September                                                                                                                                   	RJHI                                                                                                                                        	سبتمبر                                                                                                                                	      	0000000433,00	0000000000,00	0000000000,00	0000000000,00	2612318630	2609235356801405	Success 	20260923
0000000000433,00	SA0780000475608016773356          	September                                                                                                                                   	RJHI                                                                                                                                        	سبتمبر                                                                                                                                	      	0000000433,00	0000000000,00	0000000000,00	0000000000,00	2589533708	2609235356801408	Success 	20260923
0000000000433,00	SA0580000475608016708014          	September                                                                                                                                   	RJHI                                                                                                                                        	سبتمبر                                                                                                                                	      	0000000433,00	0000000000,00	0000000000,00	0000000000,00	3616244566	2609235356801399	Success 	20260923
0000000000433,00	SA3080000117608016451148          	September                                                                                                                                   	RJHI                                                                                                                                        	سبتمبر                                                                                                                                	      	0000000433,00	0000000000,00	0000000000,00	0000000000,00	2265313706	2609235356801401	Success 	20260923
0000000000433,01	SA0380000475608016773331          	September                                                                                                                                   	RJHI                                                                                                                                        	سبتمبر                                                                                                                                	      	0000000433,01	0000000000,00	0000000000,00	0000000000,00	2629519626	2609235356801391	Success 	20260923
0000000000433,00	SA8880000117608016451171          	September                                                                                                                                   	RJHI                                                                                                                                        	سبتمبر                                                                                                                                	      	0000000433,00	0000000000,00	0000000000,00	0000000000,00	2589533393	2609235356801407	Success 	20260923
0000000000433,00	SA4980000475608016773182          	September                                                                                                                                   	RJHI                                                                                                                                        	سبتمبر                                                                                                                                	      	0000000433,00	0000000000,00	0000000000,00	0000000000,00	1069400537	2609235356801394	Success 	20260923
0000000000433,00	SA0280000475608016773349          	September                                                                                                                                   	RJHI                                                                                                                                        	سبتمبر                                                                                                                                	      	0000000433,00	0000000000,00	0000000000,00	0000000000,00	2627458264	2609235356801397	Success 	20260923
0000000000433,00	SA2580000475608016773323          	September                                                                                                                                   	RJHI                                                                                                                                        	سبتمبر                                                                                                                                	      	0000000433,00	0000000000,00	0000000000,00	0000000000,00	2149381846	2609235356801395	Success 	20260923
0000000000433,00	SA2280000117608016451098          	September                                                                                                                                   	RJHI                                                                                                                                        	سبتمبر                                                                                                                                	      	0000000433,00	0000000000,00	0000000000,00	0000000000,00	2610272730	2609235356801403	Success 	20260923
-
RcXlJXDAW+yhNu1hT0LaPG+3EJB7zTGo8O3qDOIWcvAoW9HeVF7UOwfsTCeEyb2Vsp046lpalBHHCxBlhyxCR3m4cMTwiccGCfIIkU75AfotxjVa81bp33vOgn93yuT860pcceXbZbK9AKJqEdc12xVIfextj+5pjTaM8Bn7VPefQzrj6MRaPGO5/W+Q/Y0c+/mR7WRPQtL/w0JknfAmhW4sdfVZee9MDotmq9STKtbntIEb2lbxwdTQQt1TWr/v2/hEcwFwEqV1CIT2QyM6hqSuPV+EAwwfF2a8WlpZzxk5IoYvbVdifCaaR5ym9kVbBVpN2do3OnGVB5nMdgihCA==