RJHI	00101453  	SA8780000117608016451189	SAR	20260923	0000000003944,01	20260923	2026092319044401	P000  	08-1361494        
0000000000493,00	SA1380000117608016451163          	September                                                                                                                                   	RJHI                                                                                                                                        	سبتمبر                                                                                                                                	      	0000000493,00	0000000000,00	0000000000,00	0000000000,00	2606934103	2609235356922687	Success 	20260923
0000000000493,00	SA2280000117608016451098          	September                                                                                                                                   	RJHI                                                                                                                                        	سبتمبر                                                                                                                                	      	0000000493,00	0000000000,00	0000000000,00	0000000000,00	2606934038	2609235356922686	Success 	20260923
0000000000493,00	SA3080000117608016451148          	September                                                                                                                                   	RJHI                                                                                                                                        	سبتمبر                                                                                                                                	      	0000000493,00	0000000000,00	0000000000,00	0000000000,00	2606932610	2609235356922684	Success 	20260923
0000000000493,00	SA7580000117608016451114          	September                                                                                                                                   	RJHI                                                                                                                                        	سبتمبر                                                                                                                                	      	0000000493,00	0000000000,00	0000000000,00	0000000000,00	2606933394	2609235356922685	Success 	20260923
0000000000493,00	SA3180000117608016451130          	September                                                                                                                                   	RJHI                                                                                                                                        	سبتمبر                                                                                                                                	      	0000000493,00	0000000000,00	0000000000,00	0000000000,00	2611295367	2609235356922688	Success 	20260923
0000000000493,01	SA9780000117608016451106          	September                                                                                                                                   	RJHI                                                                                                                                        	سبتمبر                                                                                                                                	      	0000000493,01	0000000000,00	0000000000,00	0000000000,00	2106302264	2609235356922683	Success 	20260923
0000000000493,00	SA8880000117608016451171          	September                                                                                                                                   	RJHI                                                                                                                                        	سبتمبر                                                                                                                                	      	0000000493,00	0000000000,00	0000000000,00	0000000000,00	1076772282	2609235356922690	Success 	20260923
0000000000493,00	SA5380000117608016451122          	September                                                                                                                                   	RJHI                                                                                                                                        	سبتمبر                                                                                                                                	      	0000000493,00	0000000000,00	0000000000,00	0000000000,00	2618542993	2609235356922689	Success 	20260923
-
gynco4q1fjv1fJFTTRBLQ5YysbpCWqm59CBAYlIyiuohYKRdvukehPcyTzcSuwH2iZ6RZuPOlbmLX5NK4/ob9t9EmYDwUB7piDihbHkdaDHw314Tx4uHEV5qm53W8ThDlSFnJyltLPoY0SCniMPOsQO5e/1TxYcwFiAleOelm/UPbGR6QUdG907EcihhjXUQ7zOnSvEhHCs1+9IMmkakDF1COcA0r+GNHwdX0NYTAQsYM5b0naUklZ3V7cqfj0O3VJ9b7ymau2d4KFxxlrs9KXUJL3tXhGh8Os9ns7XBq9dgff18dFs58RD+E9RgMrlQov++ws6mdqAPaKXmOD1F1w==